1001111011001000100100010001110101010010000101100100011000100100000110011111000010110011000011010000
0100100100101110001100101100000100010011000011111011000000000000111101001111110010101101000100100011
1000001101101101001101001110001010100110011101111011110101111010001101001110000000001011100010000111
1011100111111100110010000011010101110101100101100110110101100011101000101111101011001011111001011111
1011011011101100111010110110001101010011001110111111110101111001111000111110001001000110000110110110
0010101010010101110000111000100010110011110111000001011110111011101000000101011100100101000010111110
0001011101000010111000101010001000101111100001000010001111100100101001111110010110101101001110100011
0111000100010100101011110100010000011000111010000100110111000010110000111001011111000111010110111100
1010000110100000111110101100111111101011110011101101111101101000111000101000111001000101011101110111
0001101100000110010110001010001000101111101000101010111110110100010100110110010001000011110011101110
1001000011111100010001110100001111100001010100001000010111111101111100100001000010110010110111001000
1111101011111101011111010011001100111100100001000111111100001100110100111001110111001110001000111111
1000110011000111000011001101100101010100001101000000011100111001110001110011011011010101001010010010
0011100001101110010100111111110001110001100111111100001100111001111101101000011100110110110100011010
1110010100101011011000110000010011101001101101000011010111111001100101011011100010011110001010010111
0111111000010011001011110110010100101001000010011010010100011110010000101111010111010001111010001010
1011111101100111011100100111010001001000100011101100001010000001000101101011100101111101010011100101
0001001000111100111011111111000001110111010011011000011111100100100000101101101001100100110001001001
1001001100101011111111011010111100101111101011101100001110011001010111001011001101101111000111111011
0111111011100001000110001001000011001010001110111111011000100001101101010110010001110111010000100110
1111010110011011011100010111011001100001110011110110010101100111010011000111100010011110101001100010
0101001000001100010010001010001010110010000100100000011111011111110000101001001110011010111111110011
0110100100110010011110100011110001000100110100111010011111100101000111011000100111110011010011010110
0111001101101100001110111001010001101010001011111110111100100111011111110100010100010110001001111001
1101111111100100100001011100110110101101001000000111100110110100111100111110010000011111011100101010
0100111100110101001111101100100101000010111110111110001111110000000011011001101010111001010101001101
0110011001011111100111000010101110100000000100111001011111111000001011000100000100100011000100101110
1101101001111000011110111111100000101010001011111101000001111011110001110011110110110000111001001000
1010011110001000000100011100011000011011111110010111010001110110110001111001011110010000001100111110
0101000110001000010111101100000100001010111111100111010000010000011110001100010101101111001101110101
1111010101111000100011110100000101111111010000000111100000011100111010001111110010110101100100110011
0011011100100111100111100000001111110110010000011011000110110000001011100111000101101111101011111101
0111001111011100100100000001011000110001101111110000010011110100000010100010001000111000101011001111
0111100001101101000001101110111101000000010000000101001010100000111010111110100101011111011111011101
0110101110111110010010000111010101001001110011001111001101110000100111101111010011101001111110111111
1111010000011001110000100000101101011001100111111110111110011101111000011000001111110101011000000010
1010110000010000011011101001011011000010011000011010111011010010011011011101001101110001100111011111
1011101010101010101000100101110011110110001001111011100001001001101000011110011011000010101101100001
0001111110000100111100010100101010010110101000000010010000001100100010010011000110100010101000110110
0111110010001111000010011100110000111110011101010001110011101110011000100000010001000101010001011001
0000001111101000101010110010111001100101000111001110000110011111001111111010010111000011100011010010
0011011111111011001000011010001101101010010110010101011000010101010110000110000100001111101100101101
1111000100001101011100000011011010011000100111110010100001100111110001010110001011110111100110111111
0110111011010001010000111011111110001100011001001101110101111001001110000001010110101000010011000100
0101110101110111010110100100000011110110001001101001111000001000101110110110100101100101110000001001
0001101111000000101010011100100001110000101101111100100100100010101110001010101100001110111100111010
1100101010100001111000101101110011110000100111110111111001011011001111101000001010001101011011010100
1001101010101110101011100010100011001001010101100111000100110100101010010000010111111010111001110100
0000101011011101100010110100001001101001100010001011011110001100111101000000000100110010001000110100
0110000000110001110110101101110110100100100111100010001000011111000111001100100100110001000010011111
0011110010001000100111000011010111110010010000010000001000100000001100001111000110000110110101111101
1101010100110011001011110110110111010001110100001000001011100011111110011101111011101111011000110100
0010100011010000100100110111100000101010001001001110100111011111010111110101010101110110111001000011
0111010001000011100100011110000111100101100100110111001010101001000111010100010000001000101101101000
0011110111101101011000010001100001001000010011100100010011101111100000111110011010101010101101111000
0001101011011110011011100101010101010100111000101100101111011000101011000000111001000111000010101110
1100011001010110010101000010111100000001010111111101001000010111010001110110000111010100101011011110
0001100000001111110000011000010001001011011101001011011101011101010100010100011011011001011111111110
1110010000101000001000011101000110000000110101001010001111111100000011100110100100111101100111100010
0000001101110101110000010010001010000001100001000010000000010010001101100000100011011000000000110000
0110110101000100001111110011000011001101010110101100110001001110000001100000010100001010100000001110
0000000101100110100010110010011111010010111111000000000111011111011110100011000000000001100011001111
1000000101001000100011001010111011011010100101110110100111001011100100011101100111001000100111000100
1111011001111100111101000100100111001101010001000100010110111101101110000111000101010011110111111011
0000010011110001010101111001111001101110000001000001111111101000101001001000101110011011111001110111
0111111101011001110100011101111100000000000011011100010110101100110101001011111100111111001001001111
0001100101111000100101011010000101111001001110111001010001000011011010000001100110010101011100100100
0000000010001011010100100001111000010110001110011110001110101001111110011100110111110111011101010001
1100000011010011101111011010111010000000101100111100101110110011001100011000101110001010010010111110
1100101000001101111010011010110101000100010100011110101011000110000110111001110111101000101110011111
0111110111101111011110101101100000011100001110111100011100010001001011010111110111001101001110001100
0100010011000110001000010101001100101100101110101110011101010111010000111111101111011001001000111100
0011011001011001010111001011011111111000111101011101100100111011100011001101001011111101101000011101
1101111101110110101101101101110011001100101010101111001000000101010101010110001111101111000101000101
0100111001101111101011010011000110011000111110101111001000110000011111101010001101001111111011101110
1010011010111110101000001110111010011011111000010111011011010100110010100001111111011101010000010111
0000111000101110111100001110000011000011111011011101110110110110100111001111110001111010100111100100
1110000010011110010111100100100011011001101111110111100000100011000010010110111110011101101011110001
0110110100010011110001101101110001000100101011111000001111000101010010111100011110100011101000000111
1110110000101010001011100001111001100011011011010010001111001001001100011111011110111100011010011101
0011110000011001110101011101111111100100010110010101000000010110100100011110110100101111110010100010
1010110101011010000110000001100000011111110100101100011001010111000101001001110001001110000011000001
0010110101101011001100000101001010010001100100101000011101111100001111011110011111011011100010011101
1000010111001001111111101110010101011000110100110111001001001010110011100011101011001011010010101111
1000000011111110000001000100011011000111010000110100100001111010110111000101111100011011100000000110
0110111100000111011000000111101110111111110010111100101101011110000010001011000011111110110010000001
1010110110000110011010111001011010010010100110000011100111011011011110110101011000111100101001101010
0001101010100011101000000010100000101000110000110110110111100010100100100101011010010101000011100101
0000101011101111101100111001100100010110100000011011110100111101011001111010100011001111100110101000
0011101011001000010010100000110111110011000010100010110011010100100011011001100110000100010010010011
1101011010001011101101101101100110110001001101001111111010010001010110010000110100111101110000000010
0110100100000111110011010101010011101111111011101110000110000101010111000011101001010000101001110001
0001110101011100100010011101111110011010100100011110111110110010011100010010010011100110101000101110
1000000101001001101101011010111010110101001000010110010011001101010100001101110111011110101111100011
0001011001011111100000001010111000001111100001101010111000000001010111010111111111011011010011001000
1100111001110000111101101100110111000011110011000111101111001111001110111100110100011101111101101101
1110001101010111110010011111000110100010101110100110011101101010000011110110100110111010001101100011
0001010110110011000010010111110110111001010100000000111101110110000110000111100101000010101011100101
0010101010111000100001100111111011000010101100111001010111001011001010111000000100100101111001000110
0000011110100000111010110100110100111011111010011000111010011100100110000111010011010010110100100011
